image: 501_obst.pgm
resolution: 0.05
origin: [-49.524998, -53.724998, 0.000000]
occupied_thresh: 0.65
free_thresh: 0.196
negate: 0
